001595-A (1.0000)
001597-A (1.0000)
1000104388 (1.0000)
1000104389 (1.0000)
1000104390 (1.0000)
1000104391 (1.0000)
1000215725 (1.0000)
1000215726 (1.0000)
1000222213 (1.0000)
1000398990 (1.0000)
1000401653 (1.0000)
1000420663 (1.0000)
1000420664 (1.0000)
1000420687 (1.0000)
1000420748 (1.0000)
1000420887 (1.0000)
1000421349 (1.0000)
1000422735 (1.0000)
1000441032 (1.0000)
1000454182 (2.0000)
1000467248 (1.0000)
1000468961 (1.0000)
1000468962 (1.0000)
1000503516 (1.0000)
1000519746 (1.0000)
1000520000 (1.0000)
1000520761 (1.0000)
1000527929 (1.0000)
1000527931 (1.0000)
